%YAML:1.0
---
K1: !!opencv-matrix
   rows: 3
   cols: 3
   dt: d
   data: [ 5.3237761344310229e+02, 0., 3.0028730265225920e+02, 0.,
       5.2986421561472537e+02, 2.0960209866363590e+02, 0., 0., 1. ]
K2: !!opencv-matrix
   rows: 3
   cols: 3
   dt: d
   data: [ 5.3935498678101828e+02, 0., 3.1906871796810947e+02, 0.,
       5.3780494754544816e+02, 2.2572464265772476e+02, 0., 0., 1. ]
D1: !!opencv-matrix
   rows: 1
   cols: 5
   dt: d
   data: [ 9.7221611646809758e-02, -2.4108758164794838e-01,
       -5.1307848747694255e-03, -5.6326220299241043e-03,
       1.3870323832734971e-01 ]
D2: !!opencv-matrix
   rows: 1
   cols: 5
   dt: d
   data: [ 9.0357488478770301e-02, -3.4739851784188214e-01,
       1.9961121700376094e-03, -1.9339961030836897e-03,
       4.2419656871579464e-01 ]
R: !!opencv-matrix
   rows: 3
   cols: 3
   dt: d
   data: [ 9.9945205817970340e-01, -1.7359833313242940e-02,
       -2.8181901775628872e-02, 1.6674881841991760e-02,
       9.9956416471661536e-01, -2.4360396752324265e-02,
       2.8592511535546972e-02, 2.3877118789993435e-02,
       9.9930593487799235e-01 ]
T: [ -1.1675243764608038e-01, -1.6846218287848783e-03,
    4.3637872439424444e-03 ]
E: !!opencv-matrix
   rows: 3
   cols: 3
   dt: d
   data: [ -1.2093320574889699e-04, -4.4021092670144630e-03,
       -1.5771490029245763e-03, 7.6996415626153936e-03,
       2.7119572035274662e-03, 1.1654842402772234e-01,
       -2.6313434847939849e-04, -1.1673079756847661e-01,
       2.7966598559516220e-03 ]
F: !!opencv-matrix
   rows: 3
   cols: 3
   dt: d
   data: [ -1.8001638798443711e-07, -6.5838888536030145e-06,
       1.8420040796340802e-04, 1.1494415483480944e-05,
       4.0677514595873704e-06, 8.8323824859399172e-02,
       -2.7483959317353007e-03, -9.2980812092421442e-02, 1. ]
R1: !!opencv-matrix
   rows: 3
   cols: 3
   dt: d
   data: [ 9.9782344646542465e-01, -3.8264853686344100e-03,
       -6.5831054173433282e-02, 3.0489752786215922e-03,
       9.9992445944354735e-01, -1.1907105285497021e-02,
       6.5871643623126905e-02, 1.1680471576660913e-02,
       9.9775973718633015e-01 ]
R2: !!opencv-matrix
   rows: 3
   cols: 3
   dt: d
   data: [ 9.9919836872051049e-01, 1.4417441015967609e-02,
       -3.7346450176982085e-02, -1.3975652452627749e-02,
       9.9982956019483915e-01, 1.2063651980962849e-02,
       3.7514011846163167e-02, -1.1532040372177157e-02,
       9.9922955869012420e-01 ]
P1: !!opencv-matrix
   rows: 3
   cols: 4
   dt: d
   data: [ 5.2986421561472537e+02, 0., 3.4391997146606445e+02, 0., 0.,
       5.2986421561472537e+02, 2.1686012077331543e+02, 0., 0., 0., 1.,
       0. ]
P2: !!opencv-matrix
   rows: 3
   cols: 4
   dt: d
   data: [ 5.2986421561472537e+02, 0., 3.4391997146606445e+02,
       -6.1912569847030476e+01, 0., 5.2986421561472537e+02,
       2.1686012077331543e+02, 0., 0., 0., 1., 0. ]
Q: !!opencv-matrix
   rows: 4
   cols: 4
   dt: d
   data: [ 1., 0., 0., -3.4391997146606445e+02, 0., 1., 0.,
       -2.1686012077331543e+02, 0., 0., 0., 5.2986421561472537e+02, 0.,
       0., 8.5582655819953715e+00, 0. ]
