%YAML:1.0
---
K: !!opencv-matrix
   rows: 3
   cols: 3
   dt: d
   data: [ 5.3935498678101828e+02, 0., 3.1906871796810947e+02, 0.,
       5.3780494754544816e+02, 2.2572464265772476e+02, 0., 0., 1. ]
D: !!opencv-matrix
   rows: 1
   cols: 5
   dt: d
   data: [ 9.0357488478770301e-02, -3.4739851784188214e-01,
       1.9961121700376094e-03, -1.9339961030836897e-03,
       4.2419656871579464e-01 ]
R: !!opencv-matrix
   rows: 3
   cols: 3
   dt: d
   data: [ 9.9945205817970340e-01, -1.7359833313242940e-02,
       -2.8181901775628872e-02, 1.6674881841991760e-02,
       9.9956416471661536e-01, -2.4360396752324265e-02,
       2.8592511535546972e-02, 2.3877118789993435e-02,
       9.9930593487799235e-01 ]
T: [ -1.1675243764608038e-01, -1.6846218287848783e-03,
    4.3637872439424444e-03 ]

board_width: 15
board_height: 10
square_size: 1.4999999664723873e-02
