%YAML:1.0
---
K: !!opencv-matrix
   rows: 3
   cols: 3
   dt: d
   data: [ 5.3237761344310229e+02, 0., 3.0028730265225920e+02, 0.,
       5.2986421561472537e+02, 2.0960209866363590e+02, 0., 0., 1. ]
D: !!opencv-matrix
   rows: 1
   cols: 5
   dt: d
   data: [ 9.7221611646809758e-02, -2.4108758164794838e-01,
       -5.1307848747694255e-03, -5.6326220299241043e-03,
       1.3870323832734971e-01 ]
board_width: 15
board_height: 10
square_size: 1.4999999664723873e-02
