image_width: 640
image_height: 480
camera_name: my_left_camera
camera_matrix:
  rows: 3
  cols: 3
  data: [5.3237761344310229e+02, 0., 3.0028730265225920e+02, 0., 5.2986421561472537e+02, 2.0960209866363590e+02, 0., 0., 1. ]
distortion_model: plumb_bob
distortion_coefficients:
  rows: 1
  cols: 5
  data: [9.7221611646809758e-02, -2.4108758164794838e-01, -5.1307848747694255e-03, -5.6326220299241043e-03, 1.3870323832734971e-01 ]
rectification_matrix:
  rows: 3
  cols: 3
  data: [9.9782344646542465e-01, -3.8264853686344100e-03, -6.5831054173433282e-02, 3.0489752786215922e-03, 9.9992445944354735e-01, -1.1907105285497021e-02, 6.5871643623126905e-02, 1.1680471576660913e-02, 9.9775973718633015e-01  ]
projection_matrix:
  rows: 3
  cols: 4
  data: [5.2986421561472537e+02, 0., 3.4391997146606445e+02, 0., 0., 5.2986421561472537e+02, 2.1686012077331543e+02, 0., 0., 0., 1., 0. ]