image_width: 640
image_height: 480
camera_name: my_right_camera
camera_matrix:
  rows: 3
  cols: 3
  data: [5.3935498678101828e+02, 0., 3.1906871796810947e+02, 0., 5.3780494754544816e+02, 2.2572464265772476e+02, 0., 0., 1.  ]
distortion_model: plumb_bob
distortion_coefficients:
  rows: 1
  cols: 5
  data: [9.0357488478770301e-02, -3.4739851784188214e-01, 1.9961121700376094e-03, -1.9339961030836897e-03, 4.2419656871579464e-01 ]
rectification_matrix:
  rows: 3
  cols: 3
  data: [9.9919836872051049e-01, 1.4417441015967609e-02, -3.7346450176982085e-02, -1.3975652452627749e-02, 9.9982956019483915e-01, 1.2063651980962849e-02, 3.7514011846163167e-02, -1.1532040372177157e-02, 9.9922955869012420e-01 ]
projection_matrix:
  rows: 3
  cols: 4
  data: [5.2986419810578730e+02, 0., 3.4392009353637695e+02, -5.3657561445923463e+01, 0., 5.2986419810578730e+02, 2.1686014175415039e+02, 0., 0., 0., 1., 0. ]