image_width: 640
image_height: 480
camera_name: my_right_camera
camera_matrix:
  rows: 3
  cols: 3
  data: [11399.468600989632, 0.0, 796.5695925433778, 
        0.0, 1400.0310090011333, 587.8221746792914, 
        0.0, 0.0, 1.0]
distortion_model: plumb_bob
distortion_coefficients:
  rows: 1
  cols: 5
  data: [0.09486598702685735, -0.23492396410422195, 0.009456334036039028, 0.002304886716201001, 0.0]
rectification_matrix:
  rows: 3
  cols: 3
  data: [ 0.9996722259481169, 0.025587871548217834, 0.0008375545170980284, 
        -0.02559419448575554, 0.9996345849441058, 0.008696769069636347, 
        -0.0006147166522289665, -0.008715355027603131, 0.999961831626678]
projection_matrix:
  rows: 3
  cols: 4
  data: [1519.0665880947697, 0.0, 853.3864059448242, -220.52469804702872, 
        0.0, 1519.0665880947697, 587.4728164672852, 0.0, 
        0.0, 0.0, 1.0, 0.0]